inj_dosage    : [10.0, 10.0]
T_delay       : [28, 28]
meas_protocol : 1d
mouse_1,mouse_2,mouse_3,mouse_4,mouse_5
1.152442227387628,362.1,442.7691817162926,436.02967921937716,443.0021666647987
3.2347075448831126,487.37939595670434,427.20482583424547,402.8917414867952,222.6688767285468
3.6888601323205665,482.5664754475634,323.81947925654845,338.0010269552532,107.96984218680785
7.844797222929841,447.45602593227994,272.7822368674424,269.78848623307204,99.95070662357332
10.094686768710924,447.2201133842635,253.83888546502052,224.01450075936452,86.86346090504712
11.819127670704704,423.3895884510147,239.55356886762638,181.94870704562663,57.99956081429306
12.356072265014397,381.1,214.57926404598007,177.43966071369312,28.93508416737267
12.611110576039307,400.86181788783136,145.49473590805638,145.2615765209355,21.980459206261692
12.76118307364686,399.26039588720425,124.6917337367152,112.32519375586436,0.1
12.843818900933394,251.1,100.63672127775949,97.1727000824904,
13.101183110885644,394.9568488429161,92.38096854229958,96.1958478238738,
15.263219668304847,30.1,86.32886177955587,71.42695992592193,
16.050002506272065,387.88293979355785,82.64076159902201,39.999799279624206,
16.885680265928457,360.83135552114567,59.686983328118,28.17582023892977,
18.77030527911347,360.5475536259323,41.988800108793214,8.729834709401759,
19.49506051279592,342.78674237978873,32.56551509365871,,
19.836134118578702,338.1492106503483,10.847386515544459,,
21.57481175987495,332.2331424126395,1.0200621623763702,,
21.587093988511334,291.1,,,
21.686228061020838,328.0334796701195,,,
21.888087194977864,256.1,,,
23.494640762791864,320.4275259665455,,,
25.390785785917377,314.3794621399527,,,
25.822830923513298,308.5577307724138,,,
26.01091876498641,298.83138402197375,,,
26.984225123689416,67.1,,,
27.049137230473207,288.5270021012931,,,
27.11970447666605,286.9831005756869,,,
28.90883253794314,280.5351617537832,,,
29.25700374219241,243.1,,,
29.810868982357434,252.96540583483042,,,
29.96047134551231,102.1,,,
30.706935224839494,250.00783872420587,,,
30.894540719888337,241.02063310380564,,,
30.928465155800904,238.29182676896272,,,
31.15115086914191,377.1,,,
32.52096364745186,296.1,,,
32.67923648351459,226.87797141848603,,,
32.93355892879961,214.1,,,
33.389435250629234,226.16746646343265,,,
33.518973869176044,428.1,,,
34.2295441882885,78.1,,,
34.78589120014414,216.80099289892686,,,
34.98384976579316,214.96071415934654,,,
35.01412620569254,193.37223901116914,,,
35.311911175486955,192.6330754774453,,,
35.31745977353265,230.1,,,
35.42767348374007,176.56360552383987,,,
37.14308851048211,174.36545999387414,,,
38.081075574147405,283.1,,,
38.9044311018993,161.42499639504507,,,
40.43341355936998,160.1234638455527,,,
40.54503560717156,158.2767305837388,,,
40.97463700631369,157.13338697732416,,,
41.423676837420636,275.1,,,
41.990050085187704,151.71776699456035,,,
42.22431600515576,151.04317053814904,,,
42.29886006485208,147.19522657412955,,,
43.39782597254745,152.1,,,
43.45446355447443,203.1,,,
43.61028066685595,235.1,,,
44.072829376476655,426.1,,,
44.32355569243472,141.42609294408953,,,
44.653779394233524,140.23232735487912,,,
45.546078760318196,223.1,,,
46.001416056711435,139.86714072210466,,,
46.79053692902563,138.67321557663047,,,
46.80751270279555,134.2807866943202,,,
48.61225450995294,331.1,,,
49.628025974037755,257.1,,,
50.595413675873715,131.32926370391723,,,
51.39132883926994,258.1,,,
51.74760820227885,128.95012731285365,,,
51.90612338499424,128.55682209895093,,,
52.629027222911944,127.60122295475857,,,
53.050634048610156,125.97194625953729,,,
53.09389967932583,106.1,,,
53.56808233488175,80.1,,,
53.595564093756316,340.1,,,
53.629564954901674,119.10591887735532,,,
53.947299803791715,115.11026382018895,,,
54.70915577799838,114.27307178415222,,,
55.62168382459946,109.2296473192513,,,
55.92724676320214,23.1,,,
56.213865268421934,108.42211209172119,,,
56.49500804657443,45.1,,,
56.72050947390483,106.10670094373323,,,
61.210862928494834,105.88841522338963,,,
61.81681971932508,150.1,,,
62.71517062628081,102.34837836436435,,,
63.01010781687906,102.17911100468127,,,
63.6746461604508,70.1,,,
64.54962435342739,99.28141393506796,,,
65.16354699262511,207.1,,,
65.27884093906187,371.1,,,
65.80139923692077,7.1,,,
66.65470112705503,91.5292466925665,,,
66.79585856006088,91.19346405599603,,,
67.38365626192754,401.1,,,
67.98518236380643,320.1,,,
68.56537518260913,86.3459371583874,,,
68.88986700032214,85.95834523787921,,,
69.46856634655371,85.95343262696416,,,
69.59875019503825,138.1,,,
69.61692825353725,84.76373187883073,,,
69.9188464693345,84.0832289481731,,,
70.87872848757996,108.1,,,
71.37424957774715,8.1,,,
71.37611604160766,81.32255932653246,,,
71.77719852860992,80.26977982560942,,,
71.97723080125003,78.28084203064829,,,
71.98150394269886,276.1,,,
72.05250125645298,96.1,,,
72.16935674331746,77.76347246675859,,,
72.33857938622651,68.1,,,
72.45745929177626,105.1,,,
72.51889721315234,73.30523922790121,,,
72.99899803976537,392.1,,,
72.99960440021435,70.36875430160988,,,
74.2827805297431,153.1,,,
74.38301125827797,309.1,,,
76.24541707368789,66.43673607531159,,,
80.33123615249517,66.28851436374595,,,
80.68296167594872,64.49007451860093,,,
81.15564713079377,82.1,,,
81.84519272634452,167.1,,,
82.50073658623164,54.48768296852578,,,
83.83757740723797,293.1,,,
84.5812943007842,345.1,,,
87.09553998491614,53.89083964713946,,,
87.41791937134805,43.1,,,
87.76274768243253,178.1,,,
87.92995057647266,20.1,,,
88.60530013489873,179.1,,,
88.75693206592862,51.32824472515119,,,
92.39477979360743,49.410143162656134,,,
92.5365639540189,46.96749082171883,,,
92.77986677241279,4.1,,,
93.7487650290005,46.389721631334034,,,
93.90729593223182,383.1,,,
94.39254179445442,233.1,,,
94.99783576003277,85.1,,,
95.55725990341512,64.1,,,
96.02278697758805,56.1,,,
96.43000565922493,93.1,,,
98.91710953474862,39.567331604083314,,,
100.25612627056572,273.1,,,
100.27635465870353,36.2462692938621,,,
102.33350359670813,35.510326846734486,,,
102.57608823125793,35.473680533129254,,,
103.35396121472976,33.728948837540905,,,
103.75734008635656,271.1,,,
105.26664730180487,31.83834463204396,,,
105.55335062094167,31.729821052630484,,,
105.91371287982565,31.66958586569145,,,
107.47168037370102,250.1,,,
108.51518266779208,31.417569149032236,,,
109.27471649973988,30.399424385178328,,,
109.86414113147512,282.1,,,
111.15349067966127,30.095812796821544,,,
111.40333436178064,29.778408824258733,,,
111.61657009091648,301.1,,,
113.0391560001468,27.997054860477963,,,
114.26661911771001,27.694932743648938,,,
114.27142415871153,27.156259460153134,,,
114.73652362134291,245.1,,,
115.1500930844251,334.1,,,
115.29064405391243,24.355859736181678,,,
115.57735948917664,23.12055217341906,,,
115.7606747823977,170.1,,,
116.59051042593529,305.1,,,
118.22669067494785,397.1,,,
119.20235810926046,98.1,,,
119.99835259034064,18.1,,,
120.2257389513228,52.1,,,
120.71214420803877,20.527204397985855,,,
121.78780463676517,144.1,,,
123.9258951713286,19.654630472323696,,,
124.94572280563321,83.1,,,
127.4748358812089,406.1,,,
127.89446816822763,236.1,,,
129.3128140253236,3.1,,,
130.3383732124992,17.470044440078784,,,
131.20993165380128,17.35492116264146,,,
131.32383303584123,49.1,,,
131.66026439589774,79.1,,,
131.89744255866304,14.874309463059845,,,
133.16478117725754,14.848445425971596,,,
134.74286655185762,14.244966394822523,,,
134.98609393110942,13.648650098793427,,,
135.724548516856,12.976772184890663,,,
136.59372667435267,155.1,,,
137.8723641848338,11.845074586825882,,,
139.97338875771817,11.758989083713029,,,
140.4315777861139,77.1,,,
141.66371268612602,8.984591088913009,,,
142.33726515819285,90.1,,,
146.94920912436564,8.281292862292766,,,
147.94650541402723,7.560306606085782,,,
149.3934679163598,7.480494250775109,,,
150.70357343593616,6.505544265710897,,,
153.63590185145821,6.37618794431574,,,
153.70870490677765,6.256249142673033,,,
155.13376110553887,5.1,,,
156.6137968413764,274.1,,,
157.50189309501667,76.1,,,
157.8560235300831,4.700034966087212,,,
160.71424663951396,9.1,,,
161.02929976329474,15.1,,,
162.39353530100024,60.1,,,
163.0320909711227,2.938562793012632,,,
163.64422979705256,2.759280536805669,,,
165.30375359758546,41.1,,,
172.03791420715535,1.528984341762368,,,
172.77813436399666,,,,
172.79282425122548,,,,
173.53904549780847,,,,
173.9398946124077,,,,
177.1105710771662,,,,
177.28455406699322,,,,
177.48004706769873,,,,
179.41875578187813,,,,
179.62796157165866,,,,
180.52027969072276,,,,
180.70899756327722,,,,
180.75266322310523,,,,
181.14316202669104,,,,
181.3285639737597,,,,
184.71717271267937,,,,
185.3280516081776,,,,
186.73683782013356,,,,
189.85459133623382,,,,
192.08982694853003,,,,
194.85190221687532,,,,
198.43086336668617,,,,
200.58167275847404,,,,
201.0061469954597,,,,
202.47762432167238,,,,
202.96179478343973,,,,
203.466296898243,,,,
204.41644638640153,,,,
204.99403847529226,,,,
206.19328560278603,,,,
206.8720661845934,,,,
208.58245463252,,,,
208.89597208552962,,,,
209.2444085344018,,,,
212.28659104635915,,,,
214.0613115028783,,,,
215.25362724575888,,,,
217.02578699031687,,,,
217.25105619498498,,,,
219.19464220387485,,,,
220.1631491073786,,,,
221.2816392590302,,,,
221.4199819965669,,,,
222.9812981453278,,,,
224.3601426177906,,,,
224.5756636688399,,,,
225.47930458431895,,,,
225.83998868276493,,,,
226.1564437873229,,,,
227.1117857507019,,,,
229.07998770290197,,,,
229.60972863749785,,,,
231.08649364583113,,,,
233.5931541870728,,,,
234.8187520990181,,,,
236.19604847496106,,,,
236.35692292650197,,,,
236.69707600219314,,,,
238.7345011222777,,,,
241.54451255031634,,,,
242.09080636255953,,,,
243.99884928911092,,,,
246.3021653154149,,,,
247.02921510946462,,,,
252.32403671114471,,,,
252.3940682366572,,,,
254.110594135141,,,,
254.6539590886155,,,,
256.20594015188027,,,,
256.47654855407313,,,,
256.98772640785705,,,,
258.4134196084094,,,,
260.8841507922741,,,,
263.4230447653054,,,,
264.2423241567686,,,,
265.60243844665877,,,,
267.10826596743095,,,,
268.7264340222067,,,,
268.87947371969955,,,,
269.4775492498102,,,,
269.5868264145355,,,,
281.03691683455673,,,,
282.1258739083488,,,,
283.47610137480916,,,,
283.6601066090462,,,,
286.5576307543704,,,,
287.64056936202485,,,,
290.3392386293669,,,,
290.58664381420294,,,,
290.6400474670865,,,,
291.080685441859,,,,
291.113807805809,,,,
292.5271963759071,,,,
295.01251440033127,,,,
297.77992113598225,,,,
298.6030457912218,,,,
299.78836218875017,,,,
302.6134385653813,,,,
303.9732116637084,,,,
303.9782645500998,,,,
304.8053967394517,,,,
307.05271540483227,,,,
307.85006836448173,,,,
307.93950742365604,,,,
309.04925336612393,,,,
311.3867554593863,,,,
314.7701689950303,,,,
325.7543823014142,,,,
328.7055896299857,,,,
329.62823850705996,,,,
333.78757411227235,,,,
338.1555954506269,,,,
340.265687732498,,,,
350.085461781186,,,,
352.1096258403041,,,,
354.9295800789421,,,,
355.9161297117177,,,,
359.1181814935103,,,,
362.2265525846607,,,,
367.72821542258566,,,,
368.9475687506849,,,,
374.28785538279374,,,,
377.80405660584074,,,,
379.98362574943883,,,,
380.9877541454314,,,,
381.74015732621757,,,,
383.71410493765165,,,,
383.7350304265443,,,,
385.63657064872865,,,,
388.19514232031776,,,,
388.341478583482,,,,
394.1053608381113,,,,
394.5319388251559,,,,
396.84963267305574,,,,
398.136013662949,,,,
399.3352021635306,,,,
410.0665794985899,,,,
410.648284345838,,,,
411.764268439296,,,,
412.065246205779,,,,
413.8382827317838,,,,
416.61610232497776,,,,
420.101863033998,,,,
421.5517185861693,,,,
428.0645293383569,,,,
431.5087964271509,,,,
434.9769542861741,,,,
441.30368835775823,,,,
441.3195437637338,,,,
443.4657415993708,,,,
447.67543106467906,,,,
450.3319511132565,,,,
452.53948777491536,,,,
452.9161171714263,,,,
453.4315401472626,,,,
454.5813511807957,,,,
458.0813187463625,,,,
460.04781653980945,,,,
468.5363889722854,,,,
470.7357184912856,,,,
473.0374562567213,,,,
478.1671783292156,,,,
479.99258668944935,,,,
483.86706523099895,,,,
493.6284023717621,,,,
499.4278731271277,,,,
